# ./bin/gnole_hemisphere -order 1 -out -drapl 0.5 -drapr 5.0 data/asym_sliceNLL5.dat 
# file created on: 2026-02-27 12:19:50 (CET)
# seed = 0
# order = 1
# dy = 1
# dyl = 0.5
# dyl = 5
# nev_requested = 1e+06
# xmur = 1
# xQ = 1
# lnktmax = 20
# etamax = 5
# alphas(rts) = 0
# p = -1
# nbins = 100
# obsmax = 20

# output with nev = 1000000
# dSdt (differential)
# under flow bin 7872.59
0 0.005 0.01 94.1368
0.01 0.015 0.02 73.6654
0.02 0.025 0.03 56.7111
0.03 0.035 0.04 41.9176
0.04 0.045 0.05 34.391
0.05 0.055 0.06 26.3832
0.06 0.065 0.07 18.6564
0.07 0.075 0.08 13.2064
0.08 0.085 0.09 8.25106
0.09 0.095 0.1 8.92845
0.1 0.105 0.11 5.3393
0.11 0.115 0.12 5.20979
0.12 0.125 0.13 6.14925
0.13 0.135 0.14 4.29507
0.14 0.145 0.15 -1.38175
0.15 0.155 0.16 4.96947
0.16 0.165 0.17 -2.65607
0.17 0.175 0.18 4.99821
0.18 0.185 0.19 -6.41622
0.19 0.195 0.2 4.68119
0.2 0.205 0.21 -4.92739
0.21 0.215 0.22 8.27182
0.22 0.225 0.23 0.384128
0.23 0.235 0.24 -1.23337
0.24 0.245 0.25 -3.1977
0.25 0.255 0.26 3.67709
0.26 0.265 0.27 0.156204
0.27 0.275 0.28 -0.214102
0.28 0.285 0.29 -0.6824
0.29 0.295 0.3 -0.560051
0.3 0.305 0.31 4.69306
0.31 0.315 0.32 -3.68396
0.32 0.325 0.33 -2.43075
0.33 0.335 0.34 0.00724477
0.34 0.345 0.35 0.0303246
0.35 0.355 0.36 0.00114292
0.36 0.365 0.37 0.124592
0.37 0.375 0.38 0.000485631
0.38 0.385 0.39 0.147207
0.39 0.395 0.4 0.00110463
0.4 0.405 0.41 -0.000325094
0.41 0.415 0.42 -0.00148937
0.42 0.425 0.43 -0.00046132
0.43 0.435 0.44 0
0.44 0.445 0.45 -0.00101121
0.45 0.455 0.46 0
0.46 0.465 0.47 0
0.47 0.475 0.48 0
0.48 0.485 0.49 0
0.49 0.495 0.5 0
0.5 0.505 0.51 0
0.51 0.515 0.52 0
0.52 0.525 0.53 1.42922e-05
0.53 0.535 0.54 0
0.54 0.545 0.55 0
0.55 0.555 0.56 0
0.56 0.565 0.57 0
0.57 0.575 0.58 0
0.58 0.585 0.59 0
0.59 0.595 0.6 0
0.6 0.605 0.61 0
0.61 0.615 0.62 0
0.62 0.625 0.63 -1.00198e-07
0.63 0.635 0.64 0
0.64 0.645 0.65 0
0.65 0.655 0.66 0
0.66 0.665 0.67 0
0.67 0.675 0.68 0
0.68 0.685 0.69 0
0.69 0.695 0.7 0
0.7 0.705 0.71 0
0.71 0.715 0.72 0
0.72 0.725 0.73 0
0.73 0.735 0.74 -0.000838089
0.74 0.745 0.75 0
0.75 0.755 0.76 0
0.76 0.765 0.77 -0.000103629
0.77 0.775 0.78 0
0.78 0.785 0.79 0
0.79 0.795 0.8 0
0.8 0.805 0.81 0
0.81 0.815 0.82 0
0.82 0.825 0.83 0
0.83 0.835 0.84 0
0.84 0.845 0.85 0
0.85 0.855 0.86 0
0.86 0.865 0.87 0
0.87 0.875 0.88 0
0.88 0.885 0.89 0
0.89 0.895 0.9 0
0.9 0.905 0.91 0
0.91 0.915 0.92 0
0.92 0.925 0.93 0
0.93 0.935 0.94 0
0.94 0.945 0.95 0
0.95 0.955 0.96 0
0.96 0.965 0.97 0
0.97 0.975 0.98 0
0.98 0.985 0.99 0
0.99 0.995 1 0
# over flow bin -1.17224


# dSdt (cumulative)
1 -1.17224e-06
0.99 -1.17224e-06
0.98 -1.17224e-06
0.97 -1.17224e-06
0.96 -1.17224e-06
0.95 -1.17224e-06
0.94 -1.17224e-06
0.93 -1.17224e-06
0.92 -1.17224e-06
0.91 -1.17224e-06
0.9 -1.17224e-06
0.89 -1.17224e-06
0.88 -1.17224e-06
0.87 -1.17224e-06
0.86 -1.17224e-06
0.85 -1.17224e-06
0.84 -1.17224e-06
0.83 -1.17224e-06
0.82 -1.17224e-06
0.81 -1.17224e-06
0.8 -1.17224e-06
0.79 -1.17224e-06
0.78 -1.17224e-06
0.77 -1.17224e-06
0.76 -2.20853e-06
0.75 -2.20853e-06
0.74 -2.20853e-06
0.73 -1.05894e-05
0.72 -1.05894e-05
0.71 -1.05894e-05
0.7 -1.05894e-05
0.69 -1.05894e-05
0.68 -1.05894e-05
0.67 -1.05894e-05
0.66 -1.05894e-05
0.65 -1.05894e-05
0.64 -1.05894e-05
0.63 -1.05894e-05
0.62 -1.05904e-05
0.61 -1.05904e-05
0.6 -1.05904e-05
0.59 -1.05904e-05
0.58 -1.05904e-05
0.57 -1.05904e-05
0.56 -1.05904e-05
0.55 -1.05904e-05
0.54 -1.05904e-05
0.53 -1.05904e-05
0.52 -1.04475e-05
0.51 -1.04475e-05
0.5 -1.04475e-05
0.49 -1.04475e-05
0.48 -1.04475e-05
0.47 -1.04475e-05
0.46 -1.04475e-05
0.45 -1.04475e-05
0.44 -2.05596e-05
0.43 -2.05596e-05
0.42 -2.51728e-05
0.41 -4.00664e-05
0.4 -4.33174e-05
0.39 -3.22711e-05
0.38 0.0014398
0.37 0.00144465
0.36 0.00269058
0.35 0.00270201
0.34 0.00300525
0.33 0.0030777
0.32 -0.0212298
0.31 -0.0580694
0.3 -0.0111387
0.29 -0.0167393
0.28 -0.0235633
0.27 -0.0257043
0.26 -0.0241422
0.25 0.0126286
0.24 -0.0193483
0.23 -0.0316821
0.22 -0.0278408
0.21 0.0548774
0.2 0.00560353
0.19 0.0524154
0.18 -0.0117467
0.17 0.0382353
0.16 0.0116746
0.15 0.0613693
0.14 0.0475518
0.13 0.0905025
0.12 0.151995
0.11 0.204093
0.1 0.257486
0.09 0.34677
0.08 0.429281
0.07 0.561345
0.06 0.747909
0.05 1.01174
0.04 1.35565
0.03 1.77483
0.02 2.34194
0.01 3.07859
0 4.01996
# with_underflow 4.02783


# dSdlnET (differential)
# under flow bin -12056.9
0 0.1 0.2 2.05389
0.2 0.3 0.4 1.93023
0.4 0.5 0.6 1.79289
0.6 0.7 0.8 1.58722
0.8 0.9 1 1.4879
1 1.1 1.2 1.36978
1.2 1.3 1.4 1.36785
1.4 1.5 1.6 1.14539
1.6 1.7 1.8 0.988877
1.8 1.9 2 0.884006
2 2.1 2.2 0.869828
2.2 2.3 2.4 0.734324
2.4 2.5 2.6 0.802965
2.6 2.7 2.8 0.462711
2.8 2.9 3 0.444863
3 3.1 3.2 0.344215
3.2 3.3 3.4 0.294356
3.4 3.5 3.6 0.222207
3.6 3.7 3.8 0.140926
3.8 3.9 4 0.0768845
4 4.1 4.2 0.518507
4.2 4.3 4.4 -0.106594
4.4 4.5 4.6 0.0617396
4.6 4.7 4.8 0.0166586
4.8 4.9 5 -0.221609
5 5.1 5.2 0.0124184
5.2 5.3 5.4 0.173065
5.4 5.5 5.6 0.142899
5.6 5.7 5.8 0.107625
5.8 5.9 6 0.160712
6 6.1 6.2 0.0472426
6.2 6.3 6.4 0.198508
6.4 6.5 6.6 0.0710181
6.6 6.7 6.8 0.13698
6.8 6.9 7 -0.00548501
7 7.1 7.2 -0.00597641
7.2 7.3 7.4 -0.0302066
7.4 7.5 7.6 -0.0055792
7.6 7.7 7.8 -0.102457
7.8 7.9 8 0.0277015
8 8.1 8.2 0.00109684
8.2 8.3 8.4 -0.0151555
8.4 8.5 8.6 -0.0120267
8.6 8.7 8.8 -0.00369005
8.8 8.9 9 0.0407316
9 9.1 9.2 -0.00784327
9.2 9.3 9.4 -0.00157995
9.4 9.5 9.6 6.8327e-05
9.6 9.7 9.8 0.000129668
9.8 9.9 10 -0.00088539
10 10.1 10.2 1.09467e-05
10.2 10.3 10.4 0.000100604
10.4 10.5 10.6 -0.00010696
10.6 10.7 10.8 1.14378e-05
10.8 10.9 11 -1.41682e-05
11 11.1 11.2 3.90294e-05
11.2 11.3 11.4 3.26353e-05
11.4 11.5 11.6 0
11.6 11.7 11.8 3.68373e-05
11.8 11.9 12 -3.91304e-05
12 12.1 12.2 0
12.2 12.3 12.4 3.85482e-05
12.4 12.5 12.6 0
12.6 12.7 12.8 0
12.8 12.9 13 0
13 13.1 13.2 0
13.2 13.3 13.4 0
13.4 13.5 13.6 0
13.6 13.7 13.8 0
13.8 13.9 14 0
14 14.1 14.2 0
14.2 14.3 14.4 0
14.4 14.5 14.6 0
14.6 14.7 14.8 0
14.8 14.9 15 0
15 15.1 15.2 0
15.2 15.3 15.4 0
15.4 15.5 15.6 0
15.6 15.7 15.8 0
15.8 15.9 16 0
16 16.1 16.2 0
16.2 16.3 16.4 0
16.4 16.5 16.6 0
16.6 16.7 16.8 0
16.8 16.9 17 0
17 17.1 17.2 0
17.2 17.3 17.4 0
17.4 17.5 17.6 0
17.6 17.7 17.8 0
17.8 17.9 18 0
18 18.1 18.2 0
18.2 18.3 18.4 0
18.4 18.5 18.6 0
18.6 18.7 18.8 0
18.8 18.9 19 0
19 19.1 19.2 0
19.2 19.3 19.4 0
19.4 19.5 19.6 0
19.6 19.7 19.8 0
19.8 19.9 20 0
# over flow bin 4.03652e-321


# dSdlnET (cumulative)
20 0
19.8 0
19.6 0
19.4 0
19.2 0
19 0
18.8 0
18.6 0
18.4 0
18.2 0
18 0
17.8 0
17.6 0
17.4 0
17.2 0
17 0
16.8 0
16.6 0
16.4 0
16.2 0
16 0
15.8 0
15.6 0
15.4 0
15.2 0
15 0
14.8 0
14.6 0
14.4 0
14.2 0
14 0
13.8 0
13.6 0
13.4 0
13.2 0
13 0
12.8 0
12.6 0
12.4 0
12.2 7.70964e-06
12 7.70964e-06
11.8 -1.16445e-07
11.6 7.25102e-06
11.4 7.25102e-06
11.2 1.37781e-05
11 2.1584e-05
10.8 1.87503e-05
10.6 2.10379e-05
10.4 -3.54189e-07
10.2 1.97666e-05
10 2.19559e-05
9.8 -0.000155122
9.6 -0.000129188
9.4 -0.000115523
9.2 -0.000431512
9 -0.00200017
8.8 0.00614614
8.6 0.00540813
8.4 0.00300279
8.2 -2.83019e-05
8 0.000191065
7.8 0.00573137
7.6 -0.0147601
7.4 -0.0158759
7.2 -0.0219172
7 -0.0231125
6.8 -0.0242095
6.6 0.00318657
6.4 0.0173902
6.2 0.0570918
6 0.0665403
5.8 0.0986827
5.6 0.120208
5.4 0.148787
5.2 0.1834
5 0.185884
4.8 0.141562
4.6 0.144894
4.4 0.157242
4.2 0.135923
4 0.239625
3.8 0.255002
3.6 0.283187
3.4 0.327628
3.2 0.386499
3 0.455343
2.8 0.544315
2.6 0.636857
2.4 0.79745
2.2 0.944315
2 1.11828
1.8 1.29508
1.6 1.49286
1.4 1.72194
1.2 1.99551
1 2.26946
0.8 2.56704
0.6 2.88449
0.4 3.24306
0.2 3.62911
0 4.03989
# with_underflow 4.02783


# dSdlambda (differential)
# under flow bin -12056.9
0 0.025 0.05 16.8013
0.05 0.075 0.1 14.1442
0.1 0.125 0.15 12.1809
0.15 0.175 0.2 9.71747
0.2 0.225 0.25 7.72792
0.25 0.275 0.3 6.50169
0.3 0.325 0.35 4.43095
0.35 0.375 0.4 2.58161
0.4 0.425 0.45 1.74863
0.45 0.475 0.5 2.09672
# over flow bin 143324


# dSdlambda (cumulative)
0.5 0.143324
0.45 0.24816
0.4 0.335591
0.35 0.464672
0.3 0.686219
0.25 1.0113
0.2 1.3977
0.15 1.88357
0.1 2.49262
0.05 3.19982
0 4.03989
# with_underflow 4.02783


